desc: I1 cache:         32768 B, 64 B, 8-way associative
desc: D1 cache:         32768 B, 64 B, 8-way associative
desc: LL cache:         6291456 B, 64 B, 12-way associative
cmd: test/tourtre-simple-baseline/examples/simple/simple -c -i sampledata/CThead-twice.256x256x226.uint16
events: Ir I1mr ILmr Dr D1mr DLmr Dw D1mw DLmw 
fl=/home/patrick/Documents/Coursework/tourtre-simple/test/tourtre-simple-baseline/examples/simple/src/Data.cpp
fn=Data::less(unsigned int, unsigned int)
16 3521398546 0 0 891454164 12579474 3930815 0 0 0
18 445727082 1 1 445727082 0 0 0 0 0
fn=Data::load(char const*, char*, bool*)
32 14 2 2 1 0 0 8 1 1
38 1 0 0 0 0 0 0 0 0
41 4 0 0 0 0 0 0 0 0
44 1 0 0 0 0 0 0 0 0
51 1 0 0 0 0 0 1 0 0
52 1 0 0 0 0 0 0 0 0
55 1 0 0 0 0 0 1 0 0
56 1 0 0 0 0 0 0 0 0
59 2 0 0 0 0 0 0 0 0
70 1 0 0 0 0 0 1 0 0
71 1 0 0 0 0 0 0 0 0
74 2 0 0 0 0 0 2 0 0
75 2 0 0 1 0 0 0 0 0
77 1 0 0 0 0 0 1 0 0
78 1 0 0 0 0 0 1 0 0
79 2 0 0 0 0 0 2 0 0
81 2 0 0 2 0 0 0 0 0
84 4 1 1 3 0 0 1 0 0
91 4 0 0 0 0 0 1 0 0
92 2 0 0 0 0 0 0 0 0
104 3 0 0 1 0 0 2 0 0
106 9 1 1 10 1 1 0 0 0
122 12 0 0 14 0 0 0 0 0
124 4 1 1 1 0 0 1 0 0
127 5 1 1 1 0 0 1 0 0
132 44433414 0 0 14811137 0 0 0 0 0
133 59244544 0 0 29622272 462720 462720 14811136 231424 231424
168 2 1 1 0 0 0 1 1 1
177 4 1 1 2 1 1 2 0 0
178 59244550 1 1 14811137 0 0 0 0 0
179 59244580 0 0 14811148 231424 231424 12 0 0
180 44433408 0 0 0 0 0 0 0 0
183 8 1 1 0 0 0 2 0 0
186 2 0 0 0 0 0 1 0 0
193 1 0 0 0 0 0 0 0 0
195 12 0 0 9 2 2 0 0 0
fn=_GLOBAL__sub_I__ZN4Data4lessEjj
195 2 1 1 0 0 0 0 0 0
fl=/home/patrick/Documents/Coursework/tourtre-simple/test/tourtre-simple-baseline/examples/simple/src/Data.h
fn=Data::less(unsigned int, unsigned int)
33 4011543738 2 2 1337181246 1 1 0 0 0
fn=Data::~Data()
25 2 1 1 0 0 0 1 0 0
27 4 0 0 1 0 0 1 0 0
28 2 0 0 2 0 0 0 0 0
fn=Mesh::find18Neighbors(unsigned int, unsigned int, unsigned int, std::vector<unsigned long, std::allocator<unsigned long> >&)
39 794372760 0 0 0 0 0 0 0 0
fn=Mesh::find6Neighbors(unsigned int, unsigned int, unsigned int, std::vector<unsigned long, std::allocator<unsigned long> >&)
39 265512960 0 0 0 0 0 0 0 0
fn=Mesh::getNeighbors(unsigned long, std::vector<unsigned long, std::allocator<unsigned long> >&)
44 59244544 0 0 29622272 578 69 0 0 0
50 118489088 0 0 59244544 0 0 0 0 0
52 118489088 0 0 0 0 0 0 0 0
53 148111360 1 1 0 0 0 0 0 0
fn=main
20 2 0 0 0 0 0 2 1 1
22 3 0 0 0 0 0 3 0 0
fn=value(unsigned long, void*)
33 16537300 0 0 6614920 16 4 0 0 0
fl=/home/patrick/Documents/Coursework/tourtre-simple/test/tourtre-simple-baseline/examples/simple/src/Global.h
fn=Data::less(unsigned int, unsigned int)
27 891454164 0 0 0 0 0 0 0 0
fl=/home/patrick/Documents/Coursework/tourtre-simple/test/tourtre-simple-baseline/examples/simple/src/Mesh.cpp
fn=Mesh::createGraph(std::vector<unsigned long, std::allocator<unsigned long> >&)
21 224684844 0 0 37447474 0 0 37447474 0 0
27 8 1 1 0 0 0 6 0 0
28 2 0 0 2 0 0 0 0 0
30 59244549 1 1 0 0 0 0 0 0
31 14811136 0 0 0 0 0 14811136 1851393 1851393
34 9 1 1 7 1 1 0 0 0
fn=Mesh::find18Neighbors(unsigned int, unsigned int, unsigned int, std::vector<unsigned long, std::allocator<unsigned long> >&)
76 74055680 2 2 0 0 0 44433408 340 41
80 59244544 1 1 0 0 0 59244544 342 50
81 103677952 1 1 0 0 0 88866816 171 39
82 44433408 0 0 0 0 0 44433408 0 0
86 14811136 0 0 14811136 0 0 0 0 0
87 14811136 0 0 14811136 0 0 0 0 0
88 14811136 0 0 14811136 0 0 0 0 0
89 14811136 0 0 14811136 0 0 0 0 0
90 14811136 0 0 14811136 0 0 0 0 0
91 14811136 0 0 14811136 0 0 0 0 0
94 74055680 0 0 44433408 20397 15 14811136 0 0
95 14811136 1 1 14811136 0 0 0 0 0
96 29622272 0 0 0 0 0 14811136 0 0
98 44433408 0 0 14811136 0 0 14811136 0 0
101 14811136 0 0 14811136 0 0 0 0 0
102 14811136 0 0 14811136 0 0 0 0 0
103 29622272 1 1 29622272 0 0 0 0 0
104 29622272 0 0 29622272 0 0 0 0 0
105 118489088 0 0 29622272 0 0 59244544 0 0
106 120298622 0 0 14811136 0 0 29622272 0 0
108 533200896 0 0 0 0 0 0 0 0
111 1333002240 1 1 799801344 0 0 0 0 0
112 1064087552 0 0 532043776 0 0 0 0 0
113 796332696 0 0 530888464 0 0 0 0 0
115 529581840 1 1 0 0 0 264790920 0 0
117 59244544 0 0 44433408 0 0 0 0 0
fn=Mesh::find6Neighbors(unsigned int, unsigned int, unsigned int, std::vector<unsigned long, std::allocator<unsigned long> >&)
49 44433408 1 1 0 0 0 14811136 0 0
53 103677952 0 0 14811136 0 0 59244544 707 125
54 74055680 0 0 14811136 0 0 44433408 0 0
55 74055680 0 0 14811136 0 0 44433408 0 0
59 29622272 0 0 0 0 0 14811136 0 0
60 14811136 0 0 14811136 0 0 0 0 0
61 14811136 1 1 14811136 0 0 0 0 0
62 14811136 0 0 14811136 0 0 0 0 0
63 29622272 1 1 0 0 0 14811136 0 0
64 29622272 0 0 0 0 0 14811136 0 0
67 355467264 1 1 177733632 0 0 0 0 0
68 355004416 1 1 177502208 0 0 0 0 0
69 265906176 6 6 177270784 0 0 0 0 0
71 177008640 0 0 0 0 0 88504320 0 0
73 44433408 0 0 29622272 0 0 0 0 0
fn=Mesh::getNeighbors(unsigned long, std::vector<unsigned long, std::allocator<unsigned long> >&)
37 148111360 1 1 0 0 0 88866816 0 0
39 29622272 0 0 29622272 435 66 0 0 0
40 148111360 0 0 0 0 0 0 0 0
41 59244544 2 2 0 0 0 0 0 0
43 74055680 0 0 0 0 0 0 0 0
45 88866816 0 0 88866816 0 0 0 0 0
fn=_GLOBAL__sub_I__ZN4Mesh11createGraphERSt6vectorImSaImEE
117 2 0 0 0 0 0 0 0 0
fn=void std::__adjust_heap<__gnu_cxx::__normal_iterator<unsigned long*, std::vector<unsigned long, std::allocator<unsigned long> > >, long, unsigned long, __gnu_cxx::__ops::_Iter_comp_iter<AscendingOrder> >(__gnu_cxx::__normal_iterator<unsigned long*, std::v
21 82524080 0 0 58689308 1034495 0 20631020 909 30
fn=void std::__insertion_sort<__gnu_cxx::__normal_iterator<unsigned long*, std::vector<unsigned long, std::allocator<unsigned long> > >, __gnu_cxx::__ops::_Iter_comp_iter<AscendingOrder> >(__gnu_cxx::__normal_iterator<unsigned long*, std::vector<unsigned lon
21 186 1 1 51 1 0 36 0 0
fn=void std::__introsort_loop<__gnu_cxx::__normal_iterator<unsigned long*, std::vector<unsigned long, std::allocator<unsigned long> > >, long, __gnu_cxx::__ops::_Iter_comp_iter<AscendingOrder> >(__gnu_cxx::__normal_iterator<unsigned long*, std::vector<unsign
21 1916278806 2 2 573892901 30574974 11011454 387648552 0 0
fl=/home/patrick/Documents/Coursework/tourtre-simple/test/tourtre-simple-baseline/examples/simple/src/Mesh.h
fn=main
15 1 0 0 0 0 0 1 0 0
fl=/home/patrick/Documents/Coursework/tourtre-simple/test/tourtre-simple-baseline/examples/simple/src/main.cpp
fn=_GLOBAL__sub_I__Z5valuemPv
166 2 1 1 0 0 0 0 0 0
fn=countTree(ctBranch*)
54 208411 1 1 0 0 0 178638 41 6
55 67841 1 1 0 0 0 65839 9 3
57 458127 5 5 142472 67856 67841 103056 48 11
58 74935 0 0 73283 0 0 267 9 3
62 267957 1 1 238184 3 0 0 0 0
fn=main
57 88522 1 1 29507 5 2 0 0 0
58 88518 0 0 0 0 0 29506 0 0
67 11 0 0 1 0 0 6 0 0
70 1 0 0 0 0 0 0 0 0
71 1 1 1 0 0 0 0 0 0
75 131 0 0 0 0 0 128 16 16
76 131 1 1 0 0 0 128 17 17
79 37 0 0 0 0 0 32 5 5
84 18 1 1 0 0 0 3 1 1
85 7 0 0 0 0 0 0 0 0
95 2 1 1 0 0 0 0 0 0
103 4 0 0 1 0 0 0 0 0
125 2 1 1 0 0 0 1 0 0
127 8 1 1 0 0 0 1 0 0
135 3 0 0 0 0 0 1 0 0
138 1 0 0 1 0 0 0 0 0
144 6 0 0 1 0 0 1 0 0
147 2 1 1 0 0 0 1 0 0
148 3 0 0 0 0 0 1 0 0
151 2 0 0 0 0 0 1 0 0
152 2 0 0 0 0 0 1 0 0
154 2 0 0 0 0 0 0 0 0
155 3 0 0 0 0 0 1 0 0
166 12 1 1 8 2 2 0 0 0
fn=neighbors(unsigned long, unsigned long*, void*)
29 177733632 1 1 0 0 0 88866816 0 0
31 88866827 3 3 29622272 264 43 3 0 0
34 148111360 0 0 29622272 0 0 29622272 520 95
36 1561292320 0 0 0 0 0 0 0 0
37 706590480 0 0 353295240 0 0 353295240 1359 87
40 118489088 0 0 118489088 0 0 0 0 0
fn=value(unsigned long, void*)
25 13229840 1 1 6614920 1290402 280486 0 0 0
26 3307460 0 0 3307460 0 0 0 0 0
fl=/home/patrick/Documents/Coursework/tourtre-simple/test/tourtre-simple-baseline/src/ctArc.c
fn=ctArc_find
52 29622272 0 0 14811136 126541 97189 0 0 0
53 59469976 0 0 14867494 58619 37648 0 0 0
59 29762852 0 0 0 0 0 0 0 0
60 56358 0 0 56358 0 0 0 0 0
61 112716 0 0 0 0 0 56358 0 0
64 14811136 0 0 0 0 0 14811136 0 0
67 14811136 0 0 14811136 0 0 0 0 0
fn=ctArc_new
32 668450 1 1 0 0 0 401070 0 0
33 401070 1 1 267380 0 0 133690 0 0
34 133690 0 0 0 0 0 133690 0 0
35 133690 0 0 0 0 0 133690 0 0
36 534760 0 0 0 0 0 534760 59695 59695
37 133690 0 0 0 0 0 133690 0 0
38 401070 1 1 0 0 0 267380 0 0
39 133690 0 0 0 0 0 133690 0 0
40 133690 0 0 0 0 0 133690 0 0
42 668450 0 0 534760 0 0 0 0 0
fn=ctArc_union
72 197544 1 1 131696 262 0 65848 263 0
fl=/home/patrick/Documents/Coursework/tourtre-simple/test/tourtre-simple-baseline/src/ctBranch.c
fn=ctBranchList_add
63 27902 1 1 19930 1316 636 11958 0 0
67 610569 0 0 0 0 0 339205 8 0
68 269371 1 1 67841 4 0 0 0 0
69 65848 1 1 0 0 0 65848 0 0
70 65848 0 0 0 0 0 65848 6 0
71 65848 1 1 0 0 0 65848 0 0
74 5979 0 0 3986 0 0 0 0 0
77 5979 0 0 3986 0 0 0 0 0
82 1993 0 0 0 0 0 1993 0 0
83 3986 0 0 1993 0 0 1993 0 0
84 5979 0 0 1993 0 0 0 0 0
85 3986 0 0 0 0 0 1993 0 0
86 1993 0 0 0 0 0 1993 0 0
89 474887 0 0 407046 0 0 0 0 0
fn=ctBranchList_init
57 670446 1 1 335223 0 0 0 0 0
fn=ctBranchList_merge
63 11021864 0 0 7872760 222843 23424 4723656 0 0
102 921872 1 1 0 0 0 790176 0 0
103 395088 0 0 131696 28522 17060 0 0 0
104 712156 1 1 96374 26654 17548 96374 7 1
105 37538 0 0 0 0 0 37538 0 0
106 37538 0 0 0 0 0 0 0 0
114 6182672 0 0 0 0 0 0 0 0
115 4723656 1 1 3149104 1063193 115233 0 0 0
119 210916 0 0 210916 4 0 0 0 0
121 210916 0 0 0 0 0 210916 0 0
122 421832 0 0 210916 0 0 210916 0 0
123 843080 0 0 210916 0 0 210332 0 0
124 1752 0 0 584 0 0 584 0 0
125 421832 0 0 0 0 0 210916 0 0
126 210916 0 0 0 0 0 0 0 0
129 2727272 0 0 1363636 16 3 0 0 0
133 117672 0 0 0 0 0 0 0 0
134 57768 0 0 0 0 0 57768 0 0
135 115536 0 0 0 0 0 57768 1 1
136 2136 0 0 0 0 0 0 0 0
137 1068 0 0 0 0 0 1068 0 0
138 1068 0 0 0 0 0 1068 0 0
141 1053568 1 1 921872 524 1 0 0 0
fn=ctBranch_new
33 339210 0 0 0 0 0 203526 0 0
34 203526 0 0 135684 658 3 67842 0 0
35 67842 0 0 0 0 0 67842 0 0
36 67842 0 0 0 0 0 67842 0 0
37 67842 0 0 0 0 0 67842 0 0
38 203526 0 0 0 0 0 135684 0 0
39 135684 1 1 0 0 0 135684 0 0
41 339210 0 0 271368 0 0 0 0 0
fl=/home/patrick/Documents/Coursework/tourtre-simple/test/tourtre-simple-baseline/src/ctComponent.c
fn=ctComponent_addPred
50 508685 0 0 0 0 0 508685 20175 16530
51 1017370 1 1 508685 0 0 508685 2894 1470
52 1105672 0 0 0 0 0 88302 788 763
53 1017370 0 0 508685 0 0 508685 0 0
fn=ctComponent_eatSuccessor
67 401070 0 0 0 0 0 401070 0 0
68 802140 0 0 267380 0 0 0 0 0
69 267380 1 1 133690 0 0 0 0 0
73 133690 0 0 133690 3570 2108 0 0 0
74 267380 0 0 0 0 0 0 0 0
75 301359 0 0 0 0 0 100453 0 0
76 401812 0 0 100453 0 0 100453 0 0
78 267380 0 0 133690 0 0 133690 10659 7678
79 133690 0 0 0 0 0 133690 0 0
80 267380 1 1 0 0 0 267380 0 0
81 267380 0 0 0 0 0 267380 2880 1
82 401070 0 0 0 0 0 133690 0 0
86 668450 0 0 534760 0 0 0 0 0
fn=ctComponent_find
111 353295244 1 1 176647622 790651 174992 0 0 0
112 711749116 0 0 177937279 217434 37998 0 0 0
118 356890911 0 0 0 0 0 0 0 0
119 1289657 0 0 1289657 9 0 0 0 0
120 2579314 0 0 0 0 0 1289657 0 0
123 176647622 1 1 0 0 0 176647622 0 0
126 176647622 0 0 176647622 0 0 0 0 0
fn=ctComponent_isLeaf
99 1401195 1 1 467065 78901 62831 0 0 0
100 467065 0 0 467065 0 0 0 0 0
fn=ctComponent_isRegular
104 1604282 0 0 534760 166456 126655 0 0 0
105 267383 0 0 267381 0 0 0 0 0
fn=ctComponent_new
34 534764 1 1 0 0 0 267382 0 0
35 534764 0 0 0 0 0 267382 0 0
36 1069528 0 0 0 0 0 802146 0 0
37 1069528 1 1 0 0 0 1069528 133685 133685
38 267382 0 0 0 0 0 267382 0 0
39 267382 0 0 0 0 0 267382 0 0
41 534764 0 0 534764 0 0 0 0 0
fn=ctComponent_prune
89 133690 0 0 0 0 0 133690 0 0
90 401070 0 0 133690 0 0 0 0 0
92 668450 0 0 133690 0 0 133690 0 0
93 133690 0 0 0 0 0 133690 0 0
95 267380 0 0 267380 0 0 0 0 0
fn=ctComponent_removePred
58 1780075 1 1 749990 182491 154436 327545 0 0
59 833628 0 0 41819 932 711 41819 36191 34978
60 1172435 0 0 374995 20055 11637 47450 28787 27826
61 1124985 0 0 374995 0 0 749990 0 0
fn=ctComponent_union
131 802572 0 0 535048 6693 6098 267524 0 0
fl=/home/patrick/Documents/Coursework/tourtre-simple/test/tourtre-simple-baseline/src/ctNode.c
fn=ctNode_addDownArc
74 133690 0 0 0 0 0 133690 0 0
75 267380 1 1 133690 19680 10742 133690 0 0
76 295225 0 0 0 0 0 27845 25592 25451
77 267380 0 0 133690 0 0 133690 0 0
fn=ctNode_addUpArc
66 199538 0 0 0 0 0 199538 475 0
67 399076 0 0 199538 42088 36765 199538 0 0
68 480130 0 0 0 0 0 81054 35548 35100
69 399076 0 0 199538 0 0 199538 0 0
fn=ctNode_collapse
111 329240 1 1 0 0 0 131696 0 0
112 197544 1 1 0 0 0 65848 0 0
114 197544 0 0 65848 6 1 0 0 0
117 395088 0 0 131696 0 0 65848 0 0
118 329240 1 1 65848 224 0 65848 0 0
120 197544 0 0 131696 29768 18427 65848 0 0
121 263392 0 0 197544 246 0 65848 0 0
123 263392 0 0 197544 0 0 65848 27640 19266
124 65848 0 0 0 0 0 65848 0 0
126 65848 0 0 65848 0 0 0 0 0
127 263392 0 0 197544 314 1 0 0 0
fn=ctNode_isLeaf
49 1536573 2 2 728286 120228 107145 0 0 0
fn=ctNode_isMax
47 3424276 0 0 1712138 84617 68414 0 0 0
fn=ctNode_isMin
48 1514892 0 0 757446 25787 20240 0 0 0
fn=ctNode_isRegular
50 1730565 0 0 665981 57211 42175 0 0 0
fn=ctNode_leafArc
53 663984 1 1 0 0 0 331992 0 0
54 1544468 0 0 0 0 0 469115 0 0
55 1190845 0 0 526861 0 0 0 0 0
56 663984 0 0 663984 0 0 0 0 0
fn=ctNode_new
33 534764 1 1 0 0 0 267382 0 0
34 401073 1 1 267382 694 10 133691 0 0
35 133691 0 0 0 0 0 133691 0 0
36 133691 0 0 0 0 0 133691 0 0
37 133691 0 0 0 0 0 133691 0 0
38 401073 0 0 0 0 0 267382 0 0
40 668455 0 0 401073 0 0 0 0 0
fn=ctNode_otherNode
59 722570 1 1 0 0 0 361285 0 0
60 1672355 1 1 0 0 0 508410 0 0
61 1659300 0 0 936730 130218 117648 0 0 0
62 722570 0 0 722570 0 0 0 0 0
fn=ctNode_prune
97 135682 1 1 0 0 0 67841 0 0
98 203523 0 0 0 0 0 67841 0 0
99 119988 0 0 79992 10 0 39996 0 0
100 79992 0 0 79992 0 0 0 0 0
101 111380 0 0 0 0 0 27845 0 0
102 111380 0 0 55690 0 0 27845 0 0
103 55690 0 0 55690 0 0 0 0 0
108 135682 0 0 135682 0 0 0 0 0
fn=ctNode_removeDownArc
90 87205 1 1 55690 0 0 1835 0 0
91 59974 0 0 2142 0 0 2142 2124 2072
92 109545 0 0 27845 0 0 26010 22121 15924
93 83535 0 0 27845 0 0 55690 0 0
fn=ctNode_removeUpArc
82 447662 1 1 211688 55883 34606 65065 0 0
83 293402 0 0 40857 0 0 40857 35277 23958
84 358311 0 0 105844 0 0 40779 34192 25724
85 317532 0 0 105844 0 0 211688 0 0
fl=/home/patrick/Documents/Coursework/tourtre-simple/test/tourtre-simple-baseline/src/ctNodeMap.c
fn=ctNodeMap_delete
44 6 1 1 1 0 0 2 0 0
46 2 0 0 0 0 0 1 1 1
47 802150 0 0 0 0 0 267382 0 0
48 6 0 0 4 1 1 0 0 0
fn=ctNodeMap_find
35 802140 1 1 0 0 0 267380 0 0
37 267380 0 0 0 0 0 267380 3746 6
38 534760 0 0 0 0 0 267380 0 0
39 1470587 1 1 267378 6046 4233 0 0 0
40 802140 0 0 534760 0 0 0 0 0
fn=ctNodeMap_insert
24 802146 1 1 0 0 0 401073 0 0
25 267382 0 0 0 0 0 133691 0 0
26 267382 0 0 0 0 0 267382 0 0
27 133691 0 0 0 0 0 133691 0 0
28 133691 0 0 0 0 0 133691 0 0
30 401073 0 0 0 0 0 0 0 0
31 401073 0 0 401073 0 0 0 0 0
fn=ctNodeMap_push_leaves
53 10 1 1 1 0 0 5 0 0
55 3 1 1 0 0 0 1 1 1
56 668460 1 1 0 0 0 133691 0 0
57 534764 0 0 133691 706 4 133691 0 0
58 271372 0 0 67843 0 0 67843 0 0
60 9 0 0 7 2 2 0 0 0
fn=sglib___ctNodeMap_add_recursive
20 64438943 9 9 26385573 419608 152283 7891494 4771 33
fn=sglib__ctNodeMap_it_compute_current_elem
20 29412044 6 6 7754092 280961 272124 3743356 15 8
fn=sglib__ctNodeMap_it_init
20 68 4 4 14 0 0 24 4 4
fn=sglib_ctNodeMap_add
20 1203219 1 1 267382 0 0 534764 0 0
fn=sglib_ctNodeMap_find_member
20 25660132 1 1 9265171 1064478 378767 0 0 0
fn=sglib_ctNodeMap_it_init
20 2 1 1 0 0 0 0 0 0
fn=sglib_ctNodeMap_it_init_postorder
20 8 0 0 0 0 0 0 0 0
fn=sglib_ctNodeMap_it_next
20 1604292 1 1 802146 0 0 534764 0 0
fl=/home/patrick/Documents/Coursework/tourtre-simple/test/tourtre-simple-baseline/src/ctQueue.c
fn=ctLeafQ_delete
58 2 0 0 0 0 0 1 0 0
59 2 0 0 1 1 1 1 0 0
60 2 0 0 0 0 0 0 0 0
61 1 0 0 1 0 0 0 0 0
fn=ctLeafQ_isEmpty
92 1853138 0 0 794202 49 7 0 0 0
93 264734 0 0 264734 0 0 0 0 0
fn=ctLeafQ_new
40 56 1 1 0 0 0 42 0 0
41 42 0 0 0 0 0 14 0 0
44 328 0 0 0 0 0 0 0 0
45 56 0 0 0 0 0 28 6 0
46 14 1 1 0 0 0 14 0 0
47 14 0 0 0 0 0 14 4 0
48 14 0 0 0 0 0 14 0 0
50 28 0 0 0 0 0 0 0 0
55 70 0 0 56 0 0 0 0 0
fn=ctLeafQ_popFront
86 1323605 1 1 529442 0 0 264721 0 0
87 529442 0 0 529442 28026 18215 0 0 0
88 264721 0 0 264721 0 0 0 0 0
fn=ctLeafQ_pushBack
64 1323605 1 1 0 0 0 794163 55 0
66 1853047 1 1 794163 1952 3 0 0 0
67 39 0 0 0 0 0 13 0 0
68 524185 1 1 0 0 0 131043 0 0
69 655150 0 0 0 0 0 262060 0 0
71 26 0 0 13 0 0 13 0 0
72 26 0 0 13 0 0 13 0 0
73 26 0 0 13 0 0 13 0 0
74 26 0 0 13 0 0 13 0 0
75 26 1 1 13 0 0 13 0 0
76 78 0 0 26 0 0 13 0 0
79 529442 0 0 264721 0 0 264721 37616 11237
80 264721 0 0 0 0 0 264721 0 0
82 1058884 0 0 1058884 6 1 0 0 0
fn=ctPriorityQ_delete
116 2 0 0 0 0 0 1 0 0
117 2 0 0 1 1 1 1 0 0
118 2 0 0 0 0 0 0 0 0
119 1 0 0 1 0 0 0 0 0
fn=ctPriorityQ_new
107 1 0 0 0 0 0 1 0 0
108 3 1 1 0 0 0 1 0 0
109 1 0 0 0 0 0 1 0 0
110 4 0 0 0 0 0 2 0 0
111 1 0 0 0 0 0 1 0 0
113 3 0 0 2 0 0 0 0 0
fn=ctPriorityQ_pop
209 339345 1 1 0 0 0 271476 0 0
211 353989 0 0 75191 661 1 0 0 0
213 300764 1 1 75191 0 0 75191 0 0
214 375955 0 0 150382 53366 35412 75191 0 0
216 29288 0 0 0 0 0 7322 0 0
223 475083 0 0 339345 0 0 0 0 0
fn=ctPriorityQ_popHeap
184 225573 0 0 0 0 0 150382 1 1
185 300764 0 0 300764 446 2 0 0 0
188 827101 1 1 300764 25871 19169 300764 0 0
191 743476 0 0 0 0 0 0 0 0
192 1269788 0 0 75186 0 0 0 0 0
193 4236544 2 2 865945 17130 6059 0 0 0
196 2504667 0 0 169886 0 0 0 0 0
197 743476 0 0 743476 0 0 0 0 0
198 2230428 0 0 1115214 5010 2917 1115214 0 0
199 1115214 0 0 0 0 0 1115214 0 0
200 371738 0 0 0 0 0 0 0 0
204 225573 0 0 0 0 0 225573 0 0
205 225573 0 0 225573 0 0 0 0 0
fn=ctPriorityQ_push
164 526344 1 1 0 0 0 300768 0 0
166 75192 0 0 0 0 0 75192 0 0
168 225576 1 1 75192 8 2 0 0 0
170 75192 0 0 75192 0 0 0 0 0
173 150384 0 0 0 0 0 75192 0 0
174 375960 1 1 225576 1388 5 225576 74 0
175 751920 1 1 375960 18841 14481 150384 0 0
178 150384 0 0 0 0 0 75192 0 0
179 451152 0 0 225576 0 0 300768 1 1
180 451152 0 0 375960 8 2 0 0 0
fn=ctPriorityQ_pushHeap
127 451152 1 1 0 0 0 300768 62 0
129 300755 0 0 225563 1437 2 0 0 0
133 26 0 0 0 0 0 13 0 0
134 65 1 1 13 7 2 13 0 0
135 1179582 0 0 393168 49041 23588 393168 48777 0
136 13 0 0 0 0 0 13 7 0
137 39 0 0 13 0 0 13 7 0
140 751920 1 1 225576 8 2 300768 25378 7266
145 214696 0 0 0 0 0 0 0 0
146 232904 0 0 0 0 0 0 0 0
147 662182 1 1 214650 26239 8925 0 0 0
148 64312 0 0 64312 2432 837 0 0 0
149 192936 0 0 96468 0 0 96468 0 0
150 96468 0 0 0 0 0 96468 0 0
160 451152 1 1 375960 0 0 0 0 0
fl=/home/patrick/Documents/Coursework/tourtre-simple/test/tourtre-simple-baseline/src/tourtre.c
fn=ComponentMap_find
367 802140 0 0 0 0 0 534760 0 0
369 267380 0 0 0 0 0 0 0 0
371 99703939 2 2 13132739 1763309 643918 0 0 0
378 534760 0 0 534760 0 0 0 0 0
379 1069520 0 0 802140 0 0 0 0 0
fn=ct_arcMalloc
715 267380 0 0 0 0 0 0 0 0
fn=ct_augment
290 9 0 0 0 0 0 6 0 0
291 1 0 0 0 0 0 1 0 0
293 2 1 1 1 0 0 1 0 0
294 1 0 0 1 1 1 0 0 0
299 59244540 1 1 1 0 0 0 0 0
301 29622268 0 0 29622268 1851329 1834086 0 0 0
302 29622268 0 0 29622268 2690376 2687109 0 0 0
303 14811134 0 0 14811134 2690290 2662926 0 0 0
305 29732270 1 1 14866135 57300 55325 0 0 0
307 164568 0 0 0 0 0 54856 1740 1
308 54856 0 0 0 0 0 54856 0 0
309 109712 0 0 54856 0 0 54856 0 0
310 54856 0 0 0 0 0 54856 0 0
312 164568 1 1 54856 4086 3519 0 0 0
313 109710 0 0 0 0 0 54855 0 0
314 219420 0 0 109710 0 0 54855 0 0
317 54856 0 0 0 0 0 54856 0 0
318 164568 1 1 0 0 0 54856 0 0
319 54856 0 0 0 0 0 54856 0 0
321 219426 0 0 109712 1485 2 1 0 0
325 29512266 1 1 14756133 86114 78063 0 0 0
327 236064 0 0 0 0 0 78688 1584 0
328 78688 0 0 0 0 0 78688 0 0
329 157376 0 0 78688 0 0 78688 0 0
330 78688 0 0 0 0 0 78688 0 0
332 572743 0 0 164685 1 1 0 0 0
334 257991 0 0 0 0 0 85997 0 0
335 257991 0 0 0 0 0 85997 0 0
336 85997 0 0 0 0 0 85997 0 0
339 314752 0 0 78688 1500 3 78688 0 0
340 157376 0 0 0 0 0 78688 0 0
346 2 0 0 1 0 0 1 0 0
347 2 0 0 0 0 0 1 0 0
348 2 0 0 0 0 0 2 1 1
350 8 0 0 7 1 1 0 0 0
fn=ct_branchMalloc
721 135684 0 0 0 0 0 0 0 0
fn=ct_branchMap
710 1 1 1 0 0 0 1 0 0
711 1 1 1 1 0 0 0 0 0
712 1 0 0 1 0 0 0 0 0
fn=ct_checkContext
692 8 1 1 0 0 0 0 0 0
693 16 0 0 8 2 2 0 0 0
694 16 1 1 8 2 2 0 0 0
695 16 0 0 8 0 0 0 0 0
696 16 0 0 8 3 3 0 0 0
697 16 0 0 8 0 0 0 0 0
fn=ct_cleanup
123 2 1 1 0 0 0 1 0 0
124 3 0 0 1 0 0 0 0 0
125 3 1 1 1 0 0 0 0 0
126 4 0 0 1 0 0 1 0 0
127 4 0 0 1 0 0 1 0 0
129 7 1 1 2 0 0 1 0 0
130 3 0 0 1 0 0 0 0 0
131 4 0 0 1 0 0 1 0 0
133 3 0 0 1 1 1 0 0 0
134 2 0 0 2 0 0 0 0 0
fn=ct_decompose
594 8 0 0 0 0 0 6 0 0
595 1 0 0 0 0 0 1 0 0
596 2 0 0 1 1 1 0 0 0
603 3 0 0 0 0 0 1 0 0
604 5 1 1 1 0 0 1 0 0
607 271476 0 0 0 0 0 67869 0 0
609 678690 1 1 0 0 0 203607 0 0
611 12 1 1 4 0 0 3 0 0
612 4 0 0 1 0 0 2 0 0
613 3 0 0 0 0 0 2 0 0
616 88522 1 1 29507 1 0 0 0 0
617 29506 0 0 0 0 0 29506 29506 558
625 271472 0 0 0 0 0 67868 0 0
626 257632 0 0 74877 16606 12671 40003 0 0
627 69748 0 0 0 0 0 34874 0 0
631 279972 0 0 79992 0 0 79992 0 0
632 39996 0 0 0 0 0 0 0 0
633 83595 2 2 0 0 0 27865 0 0
634 162926 1 1 53588 13443 12818 27865 0 0
635 51446 1 1 0 0 0 25723 0 0
639 222760 0 0 55690 0 0 55690 0 0
640 27845 0 0 0 0 0 0 0 0
645 271364 1 1 67841 29176 21040 135682 0 0
646 203523 0 0 0 0 0 135682 0 0
649 422886 0 0 67841 0 0 67841 0 0
650 38335 0 0 38335 2 1 0 0 0
652 38335 0 0 0 0 0 38335 34514 7591
656 203523 1 1 0 0 0 67841 7 0
657 271364 0 0 0 0 0 67841 0 0
659 271364 0 0 0 0 0 67841 0 0
660 263392 0 0 0 0 0 65848 0 0
661 131696 0 0 0 0 0 0 0 0
662 155160 0 0 38785 0 0 38785 0 0
664 108367 2 2 27090 0 0 27090 0 0
672 5 0 0 1 1 0 2 2 1
674 44433410 0 0 14811136 0 0 0 0 0
675 29622272 0 0 29622272 1851393 1851393 0 0 0
676 59244546 1 1 14811135 0 0 0 0 0
677 59244544 0 0 14811136 4656 4521 29622272 1851392 1851392
681 2 0 0 0 0 0 1 0 0
682 1 0 0 0 0 0 1 1 1
685 9 0 0 7 1 1 0 0 0
fn=ct_init
72 12 1 1 0 0 0 6 0 0
73 4 0 0 0 0 0 1 0 0
79 1 0 0 0 0 0 1 0 0
80 2 0 0 0 0 0 1 0 0
81 2 1 1 0 0 0 1 0 0
82 2 0 0 0 0 0 1 0 0
83 2 0 0 0 0 0 1 0 0
84 2 0 0 0 0 0 1 0 0
85 2 0 0 0 0 0 1 0 0
88 1 0 0 0 0 0 1 0 0
89 1 0 0 0 0 0 1 0 0
90 1 0 0 0 0 0 1 0 0
91 1 0 0 0 0 0 1 0 0
92 1 0 0 0 0 0 1 0 0
96 1 0 0 0 0 0 1 0 0
97 1 0 0 0 0 0 1 0 0
100 4 2 2 0 0 0 2 0 0
101 1 0 0 0 0 0 0 0 0
103 4 0 0 0 0 0 2 0 0
106 4 0 0 0 0 0 2 0 0
109 4 0 0 0 0 0 2 1 1
112 1 0 0 0 0 0 1 1 1
113 1 0 0 0 0 0 1 0 0
114 1 0 0 0 0 0 1 0 0
115 1 1 1 0 0 0 1 0 0
116 1 0 0 0 0 0 1 0 0
117 1 0 0 0 0 0 1 1 1
120 9 0 0 7 1 1 0 0 0
fn=ct_joinSweep
138 2 0 0 0 0 0 1 0 0
139 1 0 0 0 0 0 1 0 0
141 1 0 0 0 0 0 1 1 1
142 9 1 1 3 0 0 2 0 0
145 4 0 0 4 0 0 0 0 0
fn=ct_merge
440 8 1 1 0 0 0 6 0 0
441 1 0 0 0 0 0 1 0 0
446 1 0 0 0 0 0 0 0 0
449 1 1 1 1 0 0 0 0 0
450 1 0 0 1 0 0 0 0 0
451 2 0 0 1 0 0 1 0 0
452 2 0 0 1 0 0 1 0 0
455 4 0 0 0 0 0 2 0 0
463 3 0 0 0 0 0 1 0 0
464 3 0 0 0 0 0 1 0 0
466 3 1 1 0 0 0 1 0 0
467 2 0 0 1 0 0 1 0 0
468 1 0 0 0 0 0 1 0 0
470 3 0 0 0 0 0 1 0 0
471 2 0 0 1 0 0 1 0 0
472 1 0 0 0 0 0 1 0 0
474 5 1 1 0 0 0 2 0 0
475 6 0 0 0 0 0 2 0 0
477 5 0 0 1 1 1 2 1 1
481 534764 1 1 133691 0 0 133691 0 0
484 401073 0 0 133691 0 0 133691 0 0
486 401073 0 0 133691 89433 68163 0 0 0
487 2 0 0 1 0 0 1 0 0
492 401070 1 1 133690 109613 101493 0 0 0
494 181297 0 0 77072 197 1 77072 0 0
496 104225 0 0 104225 0 0 0 0 0
497 367218 0 0 267380 4227 5 49919 0 0
498 199676 0 0 99838 0 0 49919 0 0
499 99838 0 0 0 0 0 0 0 0
500 139230 1 1 27846 0 0 55692 0 0
501 167076 1 1 83538 16 2 27846 0 0
503 99838 0 0 0 0 0 0 0 0
504 81459 1 1 27153 0 0 27153 0 0
505 135765 0 0 54306 0 0 54306 0 0
508 322322 0 0 161161 1126 0 122466 0 0
510 122466 0 0 122466 0 0 0 0 0
511 167542 0 0 0 0 0 167542 0 0
512 335084 1 1 167542 0 0 83771 0 0
513 251313 0 0 83771 0 0 0 0 0
514 119991 0 0 39997 0 0 39997 0 0
515 279979 0 0 119991 0 0 79994 0 0
517 167542 0 0 0 0 0 0 0 0
518 193475 0 0 38695 0 0 77390 0 0
519 154783 0 0 77390 0 0 38696 1 1
524 802140 1 1 0 0 0 267380 0 0
525 534760 0 0 133690 0 0 133690 0 0
526 401070 0 0 0 0 0 133690 0 0
530 47016108 0 0 31344072 2873686 2861339 0 0 0
531 62153384 1 1 15538346 2873671 2849362 0 0 0
532 14811135 0 0 0 0 0 14811135 0 0
533 44433405 0 0 14811135 0 0 0 0 0
539 133690 0 0 133690 1387 0 0 0 0
542 267380 1 1 0 0 0 133690 3251 6
545 668450 0 0 267380 0 0 133690 0 0
546 534760 0 0 133690 22774 22182 133690 0 0
548 267380 0 0 0 0 0 0 0 0
549 534760 1 1 0 0 0 133690 0 0
551 267380 0 0 133690 0 0 133690 0 0
558 798156 0 0 0 0 0 199539 0 0
559 263392 1 1 65848 0 0 65848 0 0
560 535340 1 1 0 0 0 133835 0 0
569 1 0 0 0 0 0 1 1 1
570 1 0 0 0 0 0 1 0 0
573 802150 1 1 401074 16712 15964 133691 0 0
574 802150 0 0 401074 16713 16713 133691 0 0
581 2 0 0 1 0 0 1 0 0
583 2 1 1 1 1 1 1 0 0
584 2 0 0 1 1 1 1 0 0
588 9 0 0 7 1 1 0 0 0
fn=ct_nodeMalloc
718 267382 1 1 0 0 0 0 0 0
fn=ct_queueLeaves
385 20 1 1 0 0 0 16 1 1
386 2 0 0 0 0 0 0 0 0
387 8 0 0 0 0 0 2 0 0
389 2 1 1 0 0 0 0 0 0
390 4 0 0 0 0 0 2 0 0
391 4 0 0 0 0 0 2 0 0
393 534768 0 0 0 0 0 0 0 0
394 534762 0 0 267380 4542 1713 0 0 0
397 802144 2 2 534760 0 0 267384 33415 33397
398 534760 0 0 0 0 0 0 0 0
399 20 0 0 0 0 0 0 0 0
400 80 0 0 0 0 0 20 0 0
403 1069528 1 1 0 0 0 267382 0 0
404 203529 0 0 67843 0 0 67843 0 0
406 199539 0 0 199539 0 0 0 0 0
407 1468598 0 0 267380 267264 251590 0 0 0
408 1069512 0 0 267380 91178 82557 0 0 0
409 534760 1 1 0 0 0 267380 4579 1223
410 534760 0 0 0 0 0 0 0 0
411 8 0 0 0 0 0 0 0 0
412 64 0 0 8 0 0 16 0 0
418 61759966 8 8 14867267 4238077 635789 2451568 5176 22
420 2139046 1 1 1069520 300806 176901 0 0 0
424 4 0 0 0 0 0 2 2 2
425 4 0 0 2 0 0 2 2 2
426 4 0 0 2 0 0 2 0 0
427 16 0 0 14 4 4 0 0 0
fn=ct_splitSweep
148 2 0 0 0 0 0 1 0 0
149 1 0 0 0 0 0 1 0 0
151 1 0 0 0 0 0 1 1 1
152 10 1 1 3 1 1 2 0 0
155 4 0 0 4 0 0 0 0 0
fn=ct_sweep
192 30 2 2 0 0 0 22 2 2
193 4 0 0 2 0 0 2 0 0
199 10 0 0 4 0 0 2 0 0
201 207355926 2 2 177733632 767 73 6 0 0
205 118489088 0 0 118489088 3711066 3673325 0 0 0
208 177733632 1 1 88866816 692 79 59244544 0 0
210 1119130264 0 0 353295240 0 0 0 0 0
213 1766476200 1 1 1059885720 19323498 7300300 0 0 0
214 353295240 0 0 0 0 0 176647620 0 0
216 353295240 0 0 0 0 0 0 0 0
217 59244540 0 0 0 0 0 0 0 0
218 29554429 0 0 0 0 0 0 0 0
220 59108858 0 0 29554429 0 0 29554429 43059 13505
221 118217716 0 0 59108858 9408 2070 29554429 5360680 5342059
222 135682 0 0 0 0 0 0 0 0
224 197979 1 1 65993 2 0 65993 0 0
225 65993 0 0 0 0 0 65993 0 0
226 197979 1 1 0 0 0 65993 0 0
227 197979 0 0 0 0 0 65993 0 0
230 131986 0 0 0 0 0 65993 1394 131
231 65993 0 0 0 0 0 65993 0 0
232 197979 0 0 0 0 0 65993 0 0
234 65993 0 0 0 0 0 65993 6969 2157
235 65993 0 0 0 0 0 65993 0 0
236 197979 0 0 0 0 0 65993 0 0
238 197979 0 0 131986 0 0 65993 31556 27368
241 237110162 0 0 29688265 0 0 29688265 1 0
242 65993 0 0 0 0 0 65993 0 0
245 131986 0 0 0 0 0 0 0 0
249 1848 0 0 0 0 0 1848 431 59
250 1848 0 0 0 0 0 1848 0 0
251 5544 0 0 0 0 0 1848 0 0
252 5544 0 0 0 0 0 1848 0 0
253 5544 0 0 3696 0 0 1848 1204 901
259 59244544 1 1 0 0 0 0 0 0
261 135686 1 1 67843 0 0 67843 0 0
262 67843 0 0 0 0 0 67843 0 0
263 135686 0 0 67843 0 0 67843 0 0
264 135686 1 1 0 0 0 67843 0 0
266 59108858 0 0 0 0 0 0 0 0
268 58976872 0 0 0 0 0 29488436 308 0
274 8 0 0 4 0 0 2 0 0
275 2 0 0 0 0 0 2 0 0
278 6 0 0 2 0 0 2 1 1
280 4 0 0 0 0 0 2 0 0
283 18 0 0 14 0 0 0 0 0
fn=ct_sweepAndMerge
169 2 1 1 0 0 0 1 0 0
170 1 0 0 0 0 0 1 0 0
172 2 0 0 0 0 0 1 0 0
173 2 0 0 0 0 0 1 0 0
174 2 0 0 0 0 0 1 0 0
175 3 0 0 0 0 0 2 0 0
177 2 1 1 2 0 0 0 0 0
fl=/usr/include/c++/6/bits/basic_ios.h
fn=Data::load(char const*, char*, bool*)
49 4 0 0 0 0 0 0 0 0
282 3 1 1 0 0 0 2 0 0
450 4 0 0 4 0 0 0 0 0
462 10 1 1 0 0 0 9 0 0
fl=/usr/include/c++/6/bits/char_traits.h
fn=Data::load(char const*, char*, bool*)
267 4 1 1 0 0 0 2 0 0
fl=/usr/include/c++/6/bits/locale_facets.h
fn=Data::load(char const*, char*, bool*)
874 6 1 1 4 2 2 0 0 0
fl=/usr/include/c++/6/bits/move.h
fn=void std::__introsort_loop<__gnu_cxx::__normal_iterator<unsigned long*, std::vector<unsigned long, std::allocator<unsigned long> > >, long, __gnu_cxx::__ops::_Iter_comp_iter<AscendingOrder> >(__gnu_cxx::__normal_iterator<unsigned long*, std::vector<unsign
190 51980476 0 0 51980476 944 12 0 0 0
191 104961446 0 0 52480723 0 0 51980476 0 0
192 657121626 1 1 203424552 0 0 51980476 0 0
fl=/usr/include/c++/6/bits/predefined_ops.h
fn=void std::__introsort_loop<__gnu_cxx::__normal_iterator<unsigned long*, std::vector<unsigned long, std::allocator<unsigned long> > >, long, __gnu_cxx::__ops::_Iter_comp_iter<AscendingOrder> >(__gnu_cxx::__normal_iterator<unsigned long*, std::vector<unsign
123 5906331 2 2 3937554 8939 46 1968777 5091 19
fl=/usr/include/c++/6/bits/stl_algo.h
fn=Mesh::createGraph(std::vector<unsigned long, std::allocator<unsigned long> >&)
1822 59244480 0 0 14811120 1850969 1764908 0 0 0
1825 89706068 0 0 0 0 0 0 0 0
1827 45272708 0 0 22636354 0 0 22636354 0 0
1831 14811120 0 0 0 0 0 14811120 0 0
1863 29622243 0 0 14811120 0 0 0 0 0
1880 2 0 0 0 0 0 0 0 0
1882 4 1 1 0 0 0 1 0 0
1963 3 1 1 1 1 1 0 0 0
1965 5 0 0 0 0 0 1 0 0
fn=void std::__insertion_sort<__gnu_cxx::__normal_iterator<unsigned long*, std::vector<unsigned long, std::allocator<unsigned long> > >, __gnu_cxx::__ops::_Iter_comp_iter<AscendingOrder> >(__gnu_cxx::__normal_iterator<unsigned long*, std::vector<unsigned lon
1822 70 0 0 14 0 0 14 0 0
1825 42 0 0 0 0 0 0 0 0
1827 14 0 0 7 0 0 7 0 0
1831 56 0 0 28 0 0 14 0 0
1837 7 0 0 0 0 0 6 0 0
1840 2 1 1 0 0 0 0 0 0
1842 39 0 0 15 0 0 3 0 0
1844 30 0 0 0 0 0 0 0 0
1847 1 1 1 1 0 0 0 0 0
1849 46 0 0 30 0 0 1 0 0
1855 8 0 0 7 0 0 0 0 0
fn=void std::__introsort_loop<__gnu_cxx::__normal_iterator<unsigned long*, std::vector<unsigned long, std::allocator<unsigned long> > >, long, __gnu_cxx::__ops::_Iter_comp_iter<AscendingOrder> >(__gnu_cxx::__normal_iterator<unsigned long*, std::vector<unsign
81 2866546 0 0 0 0 0 0 0 0
83 1885010 0 0 0 0 0 0 0 0
85 577854 0 0 0 0 0 0 0 0
90 981536 0 0 0 0 0 0 0 0
92 493154 0 0 0 0 0 0 0 0
1899 402808406 1 1 0 0 0 0 0 0
1902 365684598 0 0 0 0 0 0 0 0
1904 103960952 0 0 0 0 0 0 0 0
1917 5733092 0 0 0 0 0 0 0 0
1937 14332740 2 2 0 0 0 11466192 99645 1028
1941 5733094 0 0 0 0 0 0 0 0
1943 6991804 0 0 767097 0 0 1436084 0 0
1948 1433273 0 0 1433273 0 0 0 0 0
1951 7166365 0 0 2866546 0 0 1433273 0 0
1954 11466192 0 0 10032918 5612 42 0 0 0
fl=/usr/include/c++/6/bits/stl_algobase.h
fn=Mesh::createGraph(std::vector<unsigned long, std::allocator<unsigned long> >&)
1009 5 0 0 0 0 0 0 0 0
fn=std::vector<unsigned long, std::allocator<unsigned long> >::_M_default_append(unsigned long)
367 2 0 0 0 0 0 0 0 0
368 2 2 2 0 0 0 0 0 0
369 1 0 0 0 0 0 0 0 0
754 6 0 0 0 0 0 1 0 0
fn=void std::__insertion_sort<__gnu_cxx::__normal_iterator<unsigned long*, std::vector<unsigned long, std::allocator<unsigned long> > >, __gnu_cxx::__ops::_Iter_comp_iter<AscendingOrder> >(__gnu_cxx::__normal_iterator<unsigned long*, std::vector<unsigned lon
568 2 0 0 1 0 0 0 0 0
569 2 0 0 0 0 0 0 0 0
570 7 0 0 1 0 0 1 0 0
fn=void std::vector<unsigned long, std::allocator<unsigned long> >::_M_emplace_back_aux<unsigned long>(unsigned long&&)
224 23 1 1 0 0 0 0 0 0
367 12 0 0 0 0 0 0 0 0
368 20 0 0 0 0 0 5 0 0
fl=/usr/include/c++/6/bits/stl_heap.h
fn=void std::__adjust_heap<__gnu_cxx::__normal_iterator<unsigned long*, std::vector<unsigned long, std::allocator<unsigned long> > >, long, unsigned long, __gnu_cxx::__ops::_Iter_comp_iter<AscendingOrder> >(__gnu_cxx::__normal_iterator<unsigned long*, std::v
128 16095401 1 1 2299343 0 0 0 0 0
129 18318103 0 0 3830721 0 0 0 0 0
131 3062756 0 0 1531378 0 0 1531378 0 0
133 9465708 0 0 0 0 0 0 0 0
135 4608110 0 0 2304055 0 0 2304055 0 0
209 29952715 1 1 0 0 0 23040550 1317 38
214 57871410 1 1 17427268 0 0 2304055 0 0
216 42613543 1 1 0 0 0 0 0 0
217 60040811 0 0 0 0 0 0 0 0
220 52281804 1 1 17427268 0 0 17427268 0 0
223 13680746 0 0 3434586 0 0 0 0 0
226 205192 0 0 51298 101 0 51298 0 0
233 18432440 0 0 16128385 0 0 0 0 0
fn=void std::__introsort_loop<__gnu_cxx::__normal_iterator<unsigned long*, std::vector<unsigned long, std::allocator<unsigned long> > >, long, __gnu_cxx::__ops::_Iter_comp_iter<AscendingOrder> >(__gnu_cxx::__normal_iterator<unsigned long*, std::vector<unsign
245 1535232 0 0 1535232 53263 0 0 0 0
246 3070464 0 0 1535232 145 0 1535232 0 0
247 7676160 0 0 0 0 0 1535232 0 0
331 14136 0 0 0 0 0 0 0 0
334 768823 0 0 768823 55324 0 0 0 0
335 3844115 0 0 0 0 0 768823 0 0
337 1547070 0 0 4712 0 0 0 0 0
339 764111 0 0 0 0 0 0 0 0
397 3070464 0 0 0 0 0 0 0 0
fl=/usr/include/c++/6/bits/stl_iterator.h
fn=Mesh::createGraph(std::vector<unsigned long, std::allocator<unsigned long> >&)
830 1 0 0 0 0 0 0 0 0
fn=void std::__adjust_heap<__gnu_cxx::__normal_iterator<unsigned long*, std::vector<unsigned long, std::allocator<unsigned long> > >, long, unsigned long, __gnu_cxx::__ops::_Iter_comp_iter<AscendingOrder> >(__gnu_cxx::__normal_iterator<unsigned long*, std::v
830 55536854 1 1 0 0 0 0 0 0
fn=void std::__insertion_sort<__gnu_cxx::__normal_iterator<unsigned long*, std::vector<unsigned long, std::allocator<unsigned long> > >, __gnu_cxx::__ops::_Iter_comp_iter<AscendingOrder> >(__gnu_cxx::__normal_iterator<unsigned long*, std::vector<unsigned lon
830 2 1 1 1 0 0 0 0 0
fn=void std::__introsort_loop<__gnu_cxx::__normal_iterator<unsigned long*, std::vector<unsigned long, std::allocator<unsigned long> > >, long, __gnu_cxx::__ops::_Iter_comp_iter<AscendingOrder> >(__gnu_cxx::__normal_iterator<unsigned long*, std::vector<unsign
811 103960952 0 0 0 0 0 0 0 0
830 1433273 0 0 0 0 0 0 0 0
962 13316718 2 2 0 0 0 0 0 0
fl=/usr/include/c++/6/bits/stl_vector.h
fn=Data::~Data()
177 2 0 0 0 0 0 0 0 0
426 1 0 0 1 1 1 0 0 0
fn=Mesh::createGraph(std::vector<unsigned long, std::allocator<unsigned long> >&)
656 7 0 0 2 0 0 1 0 0
676 2 0 0 0 0 0 0 0 0
677 12 1 1 3 1 1 2 0 0
fn=main
87 6 2 2 0 0 0 6 0 0
177 2 0 0 0 0 0 0 0 0
426 1 0 0 1 1 1 0 0 0
fn=neighbors(unsigned long, unsigned long*, void*)
87 3 0 0 0 0 0 3 1 1
656 88866816 0 0 29622272 0 0 0 0 0
1437 59244544 0 0 29622272 0 0 29622272 0 0
fn=std::vector<unsigned long, std::allocator<unsigned long> >::_M_default_append(unsigned long)
170 4 0 0 0 0 0 0 0 0
177 2 0 0 0 0 0 0 0 0
656 4 0 0 0 0 0 0 0 0
1422 8 1 1 0 0 0 0 0 0
1426 4 0 0 0 0 0 0 0 0
fn=std::vector<unsigned long, std::allocator<unsigned long> >::~vector()
177 2 0 0 0 0 0 0 0 0
426 1 0 0 1 1 1 0 0 0
fn=void std::vector<unsigned long, std::allocator<unsigned long> >::_M_emplace_back_aux<unsigned long>(unsigned long&&)
170 30 0 0 0 0 0 0 0 0
177 2 0 0 0 0 0 0 0 0
656 48 1 1 24 0 0 0 0 0
1426 15 0 0 0 0 0 0 0 0
fl=/usr/include/c++/6/bits/vector.tcc
fn=Mesh::find18Neighbors(unsigned int, unsigned int, unsigned int, std::vector<unsigned long, std::allocator<unsigned long> >&)
94 794372760 0 0 529581840 18 4 0 0 0
98 529581828 0 0 0 0 0 264790914 0 0
101 36 0 0 6 0 0 12 0 0
fn=Mesh::find6Neighbors(unsigned int, unsigned int, unsigned int, std::vector<unsigned long, std::allocator<unsigned long> >&)
94 265512960 0 0 177008640 281 39 0 0 0
98 265512960 0 0 0 0 0 88504320 0 0
fn=std::vector<unsigned long, std::allocator<unsigned long> >::_M_default_append(unsigned long)
540 9 1 1 0 0 0 6 1 1
543 2 0 0 0 0 0 0 0 0
545 2 0 0 0 0 0 0 0 0
546 4 0 0 2 0 0 0 0 0
581 1 0 0 0 0 0 1 1 1
582 1 0 0 0 0 0 1 0 0
583 1 0 0 0 0 0 1 0 0
586 10 1 1 8 1 1 0 0 0
fn=void std::vector<unsigned long, std::allocator<unsigned long> >::_M_emplace_back_aux<unsigned long>(unsigned long&&)
407 54 0 0 0 0 0 36 2 1
425 11 0 0 0 0 0 0 0 0
441 6 0 0 0 0 0 6 0 0
442 6 0 0 0 0 0 6 0 0
443 12 0 0 0 0 0 6 0 0
444 48 0 0 42 0 0 0 0 0
fl=/usr/include/c++/6/ext/new_allocator.h
fn=Mesh::find18Neighbors(unsigned int, unsigned int, unsigned int, std::vector<unsigned long, std::allocator<unsigned long> >&)
120 1059163656 0 0 0 0 0 264790914 3294 51
fn=Mesh::find6Neighbors(unsigned int, unsigned int, unsigned int, std::vector<unsigned long, std::allocator<unsigned long> >&)
120 265512960 0 0 0 0 0 88504320 995 43
fn=main
110 1 0 0 0 0 0 1 0 0
fn=std::vector<unsigned long, std::allocator<unsigned long> >::_M_default_append(unsigned long)
104 10 1 1 2 0 0 1 0 0
fn=std::vector<unsigned long, std::allocator<unsigned long> >::~vector()
110 1 0 0 0 0 0 0 0 0
fn=void std::vector<unsigned long, std::allocator<unsigned long> >::_M_emplace_back_aux<unsigned long>(unsigned long&&)
104 18 0 0 0 0 0 6 0 0
110 10 0 0 0 0 0 5 0 0
120 30 0 0 6 0 0 6 2 2
fl=/usr/include/c++/6/fstream
fn=Data::load(char const*, char*, bool*)
239 5 1 1 0 0 0 3 0 0
481 4 0 0 0 0 0 3 0 0
482 3 1 1 0 0 0 1 0 0
534 2 0 0 0 0 0 2 2 2
fl=/usr/include/c++/6/iostream
fn=_GLOBAL__sub_I__Z5valuemPv
74 6 0 0 0 0 0 1 0 0
fn=_GLOBAL__sub_I__ZN4Data4lessEjj
74 6 0 0 0 0 0 1 0 0
fn=_GLOBAL__sub_I__ZN4Mesh11createGraphERSt6vectorImSaImEE
74 6 1 1 0 0 0 1 0 0
fl=/usr/include/c++/6/istream
fn=Data::load(char const*, char*, bool*)
104 4 0 0 1 1 1 3 0 0
607 6 1 1 3 2 2 3 1 1
608 5 0 0 1 0 0 1 0 0
fl=/usr/include/c++/6/ostream
fn=Data::load(char const*, char*, bool*)
196 13 0 0 1 0 0 3 0 0
561 36 2 2 0 0 0 9 1 1
591 6 0 0 2 0 0 2 0 0
613 4 1 1 0 0 0 2 0 0
fn=main
113 2 0 0 0 0 0 1 0 0
561 4 0 0 0 0 0 1 0 0
fl=/usr/include/c++/6/streambuf
fn=Data::load(char const*, char*, bool*)
198 3 0 0 0 0 0 2 0 0
fl=/usr/include/stdlib.h
fn=Data::load(char const*, char*, bool*)
280 11 1 1 0 0 0 3 0 0
fl=/usr/include/string.h
fn=Data::load(char const*, char*, bool*)
331 21 2 2 0 0 0 7 0 0
fl=/usr/include/x86_64-linux-gnu/bits/string3.h
fn=Data::load(char const*, char*, bool*)
104 7 0 0 1 0 0 2 0 0
fn=ct_init
84 8 1 1 0 0 0 2 0 0
fn=main
104 5 1 1 1 0 0 1 0 0
fl=???
fn=(anonymous namespace)::generic_error_category::~generic_error_category()
0 3 1 1 0 0 0 1 0 0
fn=(anonymous namespace)::system_error_category::~system_error_category()
0 3 1 1 0 0 0 1 1 1
fn=(below main)
0 394 12 11 125 19 19 49 8 8
fn=???
0 145 10 9 92 7 6 11 0 0
fn=_Exit
0 8 2 2 0 0 0 0 0 0
fn=_GLOBAL__sub_I_eh_alloc.cc
0 17 2 2 1 0 0 11 1 1
fn=_GLOBAL__sub_I_locale_inst.cc
0 49 3 3 13 1 1 12 0 0
fn=_GLOBAL__sub_I_system_error.cc
0 10 1 1 0 0 0 1 0 0
fn=_GLOBAL__sub_I_wlocale_inst.cc
0 49 3 3 13 0 0 12 0 0
fn=_IO_cleanup
0 145 10 10 45 7 7 22 0 0
fn=_IO_default_setbuf
0 38 3 3 8 0 0 14 0 0
fn=_IO_default_xsputn
0 531 8 8 173 2 2 51 0 0
fn=_IO_do_write
0 369 7 7 117 0 0 93 2 2
fn=_IO_doallocbuf
0 41 5 5 15 1 1 10 2 1
fn=_IO_file_doallocate
0 53 4 4 11 2 1 6 1 0
fn=_IO_file_overflow
0 1455 13 13 392 0 0 230 3 3
fn=_IO_file_setbuf
0 15 1 1 3 0 0 8 0 0
fn=_IO_file_stat
0 4 0 0 1 0 0 0 0 0
fn=_IO_file_sync
0 130 3 3 60 0 0 20 0 0
fn=_IO_file_write
0 612 3 3 136 0 0 85 0 0
fn=_IO_file_xsputn
0 1284 13 13 351 6 6 212 3 3
fn=_IO_no_init
0 27 5 5 2 0 0 19 1 1
fn=_IO_setb
0 42 4 4 10 0 0 10 1 0
fn=_IO_str_init_static_internal
0 35 3 3 5 0 0 12 1 1
fn=__GI_strchr
0 254 6 5 33 1 1 0 0 0
fn=____strtol_l_internal
0 426 11 11 54 3 3 30 1 1
fn=__close_nocancel
0 5 0 0 1 0 0 0 0 0
fn=__ctype_init
0 18 2 2 8 2 2 3 0 0
fn=__cxa_atexit
0 154 4 4 35 1 1 56 4 4
fn=__cxa_guard_acquire
0 26 3 3 10 1 1 6 0 0
fn=__cxa_guard_release
0 5 2 2 2 0 0 2 0 0
fn=__cxxabiv1::__si_class_type_info::__do_dyncast(long, __cxxabiv1::__class_type_info::__sub_kind, __cxxabiv1::__class_type_info const*, void const*, __cxxabiv1::__class_type_info const*, void const*, __cxxabiv1::__class_type_info::__dyncast_result&) const
0 1700 4 4 550 0 0 450 0 0
fn=__cxxabiv1::__vmi_class_type_info::__do_dyncast(long, __cxxabiv1::__class_type_info::__sub_kind, __cxxabiv1::__class_type_info const*, void const*, __cxxabiv1::__class_type_info const*, void const*, __cxxabiv1::__class_type_info::__dyncast_result&) const
0 708 6 6 276 2 2 204 0 0
fn=__default_morecore
0 848 1 1 106 0 0 106 0 0
fn=__deregister_frame_info
0 1 1 1 0 0 0 0 0 0
fn=__deregister_frame_info_bases
0 30 4 4 9 3 3 4 0 0
fn=__dynamic_cast
0 2914 4 3 992 16 16 744 0 0
fn=__gconv_btwoc_ascii
0 640 1 1 128 0 0 0 0 0
fn=__gnu_cxx::stdio_sync_filebuf<char, std::char_traits<char> >::overflow(int)
0 18 4 4 3 0 0 0 0 0
fn=__gnu_cxx::stdio_sync_filebuf<char, std::char_traits<char> >::sync()
0 12 0 0 6 2 2 0 0 0
fn=__gnu_cxx::stdio_sync_filebuf<char, std::char_traits<char> >::xsputn(char const*, long)
0 80 1 1 16 2 2 0 0 0
fn=__gnu_cxx::stdio_sync_filebuf<wchar_t, std::char_traits<wchar_t> >::sync()
0 6 0 0 3 2 2 0 0 0
fn=__init_cpu_features
0 93 10 10 7 1 1 13 0 0
fn=__init_misc
0 22 2 2 5 0 0 5 1 1
fn=__libc_csu_fini
0 15 2 2 3 1 1 3 0 0
fn=__libc_csu_init
0 91 2 2 15 1 1 15 0 0
fn=__libc_init_first
0 26 2 2 5 1 1 10 0 0
fn=__libc_init_secure
0 4 1 1 2 0 0 0 0 0
fn=__libc_setup_tls
0 120 9 9 22 6 6 30 8 8
fn=__linkin_atfork
0 9 2 2 4 1 1 1 0 0
fn=__lseek_nocancel
0 5 0 0 1 0 0 0 0 0
fn=__memcmp_sse4_1
0 1202 16 15 254 2 2 0 0 0
fn=__memmove_ssse3_back
0 100 5 5 29 5 5 17 1 1
fn=__new_exitfn
0 302 9 9 77 7 7 29 0 0
fn=__open_nocancel
0 5 0 0 1 0 0 0 0 0
fn=__overflow
0 18 2 2 9 0 0 0 0 0
fn=__pthread_initialize_minimal
0 3 1 1 0 0 0 0 0 0
fn=__read_nocancel
0 10 0 0 2 0 0 0 0 0
fn=__register_frame_info
0 6 2 2 1 1 1 0 0 0
fn=__register_frame_info.part.4
0 13 3 3 3 1 1 8 2 2
fn=__run_exit_handlers
0 177 5 5 39 10 10 21 1 1
fn=__sigjmp_save
0 9 1 1 2 0 0 2 0 0
fn=__sigsetjmp
0 18 2 2 4 0 0 8 0 0
fn=__strcmp_ssse3
0 288 3 3 84 0 0 0 0 0
fn=__strcpy_chk
0 229 6 6 20 0 0 23 1 1
fn=__strcpy_sse2_unaligned
0 27 5 5 5 1 1 2 0 0
fn=__syscall_error
0 4 0 0 1 0 0 1 0 0
fn=__write_nocancel
0 85 0 0 17 0 0 0 0 0
fn=_dl_aux_init
0 221 9 9 66 14 14 20 2 2
fn=_dl_discover_osversion
0 76 3 3 10 1 1 3 1 1
fn=_dl_get_origin
0 83 5 5 12 3 3 6 0 0
fn=_dl_important_hwcaps
0 94 13 13 18 0 0 25 4 4
fn=_dl_init_paths
0 311 11 11 51 2 2 61 4 4
fn=_dl_mcount_wrapper_check
0 384 0 0 256 0 0 0 0 0
fn=_dl_non_dynamic_init
0 131 12 12 24 1 1 25 3 3
fn=_fxstat
0 10 2 2 1 0 0 0 0 0
fn=_getopt_internal_r.constprop.2
0 313 17 17 83 0 0 44 0 0
fn=_int_free
0 29691179 28 28 7222637 234680 229093 3210253 42538 42225
fn=_int_malloc
0 106868431 89 79 13721394 165099 407 17162701 699954 676844
fn=_int_realloc
0 1919 12 12 385 108 0 257 40 11
fn=_setjmp
0 2 1 1 0 0 0 0 0 0
fn=access
0 4 2 2 0 0 0 0 0 0
fn=bcmp
0 8 2 2 4 0 0 0 0 0
fn=bool std::has_facet<std::codecvt<char, char, __mbstate_t> >(std::locale const&)
0 21 1 1 6 0 0 3 0 0
fn=bool std::has_facet<std::ctype<char> >(std::locale const&)
0 126 2 2 36 0 0 18 0 0
fn=bool std::has_facet<std::ctype<wchar_t> >(std::locale const&)
0 84 2 2 24 0 0 12 0 0
fn=bool std::has_facet<std::num_get<char, std::istreambuf_iterator<char, std::char_traits<char> > > >(std::locale const&)
0 126 1 1 36 0 0 18 0 0
fn=bool std::has_facet<std::num_get<wchar_t, std::istreambuf_iterator<wchar_t, std::char_traits<wchar_t> > > >(std::locale const&)
0 84 1 1 24 0 0 12 0 0
fn=bool std::has_facet<std::num_put<char, std::ostreambuf_iterator<char, std::char_traits<char> > > >(std::locale const&)
0 126 2 2 36 0 0 18 0 0
fn=bool std::has_facet<std::num_put<wchar_t, std::ostreambuf_iterator<wchar_t, std::char_traits<wchar_t> > > >(std::locale const&)
0 84 2 2 24 0 0 12 0 0
fn=brk
0 1428 4 4 108 0 0 152 5 0
fn=btowc
0 7936 3 3 2048 5 5 1024 0 0
fn=calloc
0 2620 7 7 561 102 34 185 14 5
fn=close
0 2 1 1 1 0 0 0 0 0
fn=exit
0 4 1 1 0 0 0 1 0 0
fn=expand_dynamic_string_token
0 33 2 2 6 0 0 9 0 0
fn=fflush
0 369 5 5 162 8 8 36 0 0
fn=fillin_rpath
0 154 15 15 31 0 0 36 0 0
fn=fini
0 4 1 1 2 1 1 0 0 0
fn=free
0 5616142 7 7 802348 147660 141771 2 0 0
fn=fwrite
0 1006 8 8 352 19 19 114 1 1
fn=getenv
0 3306 4 4 1084 4 0 69 1 1
fn=getopt
0 45 2 2 18 0 0 18 0 0
fn=gz_error
0 24 3 3 6 0 0 5 0 0
fn=gz_look
0 101 10 10 23 0 0 26 1 1
fn=gz_open
0 131 11 11 18 3 3 32 2 2
fn=gzclose
0 5 1 1 1 1 1 0 0 0
fn=gzclose_r
0 41 3 3 11 1 1 10 0 0
fn=gzopen
0 3 1 1 0 0 0 0 0 0
fn=gzread
0 125 11 11 29 1 0 12 0 0
fn=handle_intel
0 92 4 4 14 0 0 20 0 0
fn=index
0 6 2 2 3 0 0 0 0 0
fn=inflateEnd
0 20 2 2 6 2 2 3 0 0
fn=inflateInit2_
0 78 8 8 6 1 1 31 3 3
fn=init_cacheinfo
0 144 7 7 9 0 0 13 2 2
fn=int std::__int_to_char<char, unsigned long>(char*, unsigned long, char const*, std::_Ios_Fmtflags, bool)
0 258 3 3 23 2 2 17 0 0
fn=intel_check_word
0 813 10 10 66 6 6 8 0 0
fn=lseek
0 2 1 1 1 0 0 0 0 0
fn=malloc
0 29453477 9 6 7363375 88210 59 2209013 16 2
fn=malloc_consolidate
0 15564485 13 13 4288500 643968 500939 3408539 49978 49950
fn=malloc_hook_ini
0 10 1 1 2 1 1 3 1 1
fn=memcpy
0 1269044 24 20 484999 60465 22683 484947 60616 58816
fn=memmove
0 13 2 2 4 0 0 0 0 0
fn=mempcpy
0 191 15 9 32 1 1 27 0 0
fn=memset
0 39797760 7 7 38 16 5 22741376 5685246 5674499
fn=mmap
0 324 2 2 54 0 0 0 0 0
fn=munmap
0 40 0 0 8 0 0 0 0 0
fn=newlocale
0 39 4 4 12 0 0 9 1 1
fn=open
0 2 1 1 1 0 0 0 0 0
fn=operator delete(void*)
0 9 2 2 0 0 0 0 0 0
fn=operator delete[](void*)
0 2 0 0 0 0 0 0 0 0
fn=operator new(unsigned long)
0 99 1 1 18 0 0 18 3 2
fn=operator new[](unsigned long)
0 2 1 1 0 0 0 0 0 0
fn=ptmalloc_init.part.7
0 463 5 5 152 40 40 13 3 3
fn=putc
0 120 9 9 54 0 0 12 0 0
fn=read
0 4 1 1 2 0 0 0 0 0
fn=realloc
0 2149 9 9 401 128 2 202 4 0
fn=realloc_hook_ini
0 6 1 1 1 1 1 2 0 0
fn=rindex
0 54 4 4 5 1 1 0 0 0
fn=sbrk
0 2721 4 4 535 209 129 322 3 1
fn=snprintf
0 16 3 3 1 0 0 8 0 0
fn=std::_V2::error_category::~error_category()
0 2 0 0 2 0 0 0 0 0
fn=std::__basic_file<char>::__basic_file(pthread_mutex_t*)
0 3 1 1 1 0 0 2 1 1
fn=std::__basic_file<char>::close()
0 12 2 2 3 0 0 3 0 0
fn=std::__basic_file<char>::is_open() const
0 6 0 0 4 1 1 0 0 0
fn=std::__basic_file<char>::~__basic_file()
0 1 1 1 0 0 0 0 0 0
fn=std::__timepunct<char>::_M_initialize_timepunct(__locale_struct*)
0 105 12 12 6 0 0 52 0 0
fn=std::__timepunct<char>::__timepunct(std::__timepunct_cache<char>*, unsigned long)
0 22 2 2 3 0 0 9 1 1
fn=std::__timepunct<wchar_t>::_M_initialize_timepunct(__locale_struct*)
0 103 13 13 5 0 0 51 0 0
fn=std::__timepunct<wchar_t>::__timepunct(std::__timepunct_cache<wchar_t>*, unsigned long)
0 22 2 2 3 0 0 9 0 0
fn=std::__use_cache<std::__numpunct_cache<char> >::operator()(std::locale const&) const
0 126 4 4 48 4 4 30 0 0
fn=std::basic_filebuf<char, std::char_traits<char> >::basic_filebuf()
0 64 7 7 6 0 0 44 2 2
fn=std::basic_filebuf<char, std::char_traits<char> >::close()
0 16 3 3 4 0 0 4 0 0
fn=std::basic_ios<char, std::char_traits<char> >::_M_cache_locale(std::locale const&)
0 180 2 2 18 0 0 66 0 0
fn=std::basic_ios<char, std::char_traits<char> >::init(std::basic_streambuf<char, std::char_traits<char> >*)
0 132 4 3 18 0 0 60 0 0
fn=std::basic_ios<wchar_t, std::char_traits<wchar_t> >::_M_cache_locale(std::locale const&)
0 120 3 3 12 0 0 44 0 0
fn=std::basic_ios<wchar_t, std::char_traits<wchar_t> >::init(std::basic_streambuf<wchar_t, std::char_traits<wchar_t> >*)
0 88 2 2 12 0 0 40 0 0
fn=std::basic_ostream<char, std::char_traits<char> >& std::__ostream_insert<char, std::char_traits<char> >(std::basic_ostream<char, std::char_traits<char> >&, char const*, long)
0 500 11 11 210 5 5 110 3 3
fn=std::basic_ostream<char, std::char_traits<char> >& std::endl<char, std::char_traits<char> >(std::basic_ostream<char, std::char_traits<char> >&)
0 19 2 2 7 0 0 3 0 0
fn=std::basic_ostream<wchar_t, std::char_traits<wchar_t> >::flush()
0 42 2 2 21 10 10 6 0 0
fn=std::codecvt<char, char, __mbstate_t> const& std::use_facet<std::codecvt<char, char, __mbstate_t> >(std::locale const&)
0 19 2 2 6 0 0 3 0 0
fn=std::codecvt<char, char, __mbstate_t>::codecvt(unsigned long)
0 17 2 2 3 0 0 6 2 2
fn=std::codecvt<wchar_t, char, __mbstate_t>::codecvt(unsigned long)
0 17 2 2 3 0 0 6 1 1
fn=std::ctype<char> const& std::use_facet<std::ctype<char> >(std::locale const&)
0 114 2 2 36 0 0 18 0 0
fn=std::ctype<char>::_M_widen_init() const
0 1099 3 3 43 1 1 295 2 2
fn=std::ctype<char>::ctype(unsigned short const*, bool, unsigned long)
0 115 4 4 7 1 1 79 9 9
fn=std::ctype<wchar_t> const& std::use_facet<std::ctype<wchar_t> >(std::locale const&)
0 76 2 2 24 0 0 12 0 0
fn=std::ctype<wchar_t>::_M_convert_to_wmask(unsigned short) const
0 137 6 6 12 0 0 0 0 0
fn=std::ctype<wchar_t>::_M_initialize_ctype()
0 2757 4 4 5 0 0 810 20 20
fn=std::ctype<wchar_t>::ctype(unsigned long)
0 19 2 2 2 0 0 7 1 1
fn=std::ios_base::Init::Init()
0 317 32 32 37 2 2 182 15 15
fn=std::ios_base::Init::~Init()
0 41 2 2 9 2 2 9 0 0
fn=std::ios_base::_M_call_callbacks(std::ios_base::event)
0 10 1 1 5 0 0 3 0 0
fn=std::ios_base::_M_dispose_callbacks()
0 12 2 2 5 0 0 4 0 0
fn=std::ios_base::_M_init()
0 180 4 2 30 0 0 80 0 0
fn=std::ios_base::ios_base()
0 531 4 3 0 0 0 243 34 34
fn=std::ios_base::~ios_base()
0 16 2 2 2 1 1 4 0 0
fn=std::locale::_Impl::_Impl(unsigned long)
0 869 66 66 17 1 1 417 46 46
fn=std::locale::_Impl::_M_install_facet(std::locale::id const*, std::locale::facet const*)
0 7530 6 6 2220 0 0 240 0 0
fn=std::locale::_S_initialize()
0 156 1 1 77 1 1 0 0 0
fn=std::locale::_S_initialize_once()
0 11 1 1 1 0 0 3 0 0
fn=std::locale::facet::_S_create_c_locale(__locale_struct*&, char const*, __locale_struct*)
0 9 1 1 2 0 0 3 0 0
fn=std::locale::facet::_S_get_c_locale()
0 92 1 1 41 0 0 11 0 0
fn=std::locale::facet::_S_get_c_name()
0 10 1 1 5 0 0 0 0 0
fn=std::locale::facet::_S_initialize_once()
0 4 1 1 0 0 0 0 0 0
fn=std::locale::id::_M_id() const
0 800 3 3 272 9 9 60 0 0
fn=std::locale::locale()
0 520 4 4 208 0 0 156 1 1
fn=std::locale::operator=(std::locale const&)
0 180 2 2 80 0 0 30 0 0
fn=std::locale::~locale()
0 132 1 1 60 1 1 24 0 0
fn=std::messages<char>::messages(unsigned long)
0 19 1 1 3 0 0 8 1 1
fn=std::messages<wchar_t>::messages(unsigned long)
0 19 2 2 3 0 0 8 0 0
fn=std::moneypunct<char, false>::_M_initialize_moneypunct(__locale_struct*, char const*)
0 98 5 5 21 1 1 31 0 0
fn=std::moneypunct<char, true>::_M_initialize_moneypunct(__locale_struct*, char const*)
0 98 5 5 21 0 0 31 0 0
fn=std::moneypunct<wchar_t, false>::_M_initialize_moneypunct(__locale_struct*, char const*)
0 106 7 7 25 0 0 32 0 0
fn=std::moneypunct<wchar_t, true>::_M_initialize_moneypunct(__locale_struct*, char const*)
0 106 7 7 25 0 0 32 0 0
fn=std::num_get<char, std::istreambuf_iterator<char, std::char_traits<char> > > const& std::use_facet<std::num_get<char, std::istreambuf_iterator<char, std::char_traits<char> > > >(std::locale const&)
0 114 1 1 36 0 0 18 0 0
fn=std::num_get<wchar_t, std::istreambuf_iterator<wchar_t, std::char_traits<wchar_t> > > const& std::use_facet<std::num_get<wchar_t, std::istreambuf_iterator<wchar_t, std::char_traits<wchar_t> > > >(std::locale const&)
0 76 2 2 24 0 0 12 0 0
fn=std::num_put<char, std::ostreambuf_iterator<char, std::char_traits<char> > > const& std::use_facet<std::num_put<char, std::ostreambuf_iterator<char, std::char_traits<char> > > >(std::locale const&)
0 114 2 2 36 0 0 18 0 0
fn=std::num_put<char, std::ostreambuf_iterator<char, std::char_traits<char> > >::do_put(std::ostreambuf_iterator<char, std::char_traits<char> >, std::ios_base&, char, long) const
0 15 1 1 3 0 0 3 0 0
fn=std::num_put<char, std::ostreambuf_iterator<char, std::char_traits<char> > >::do_put(std::ostreambuf_iterator<char, std::char_traits<char> >, std::ios_base&, char, unsigned long) const
0 15 1 1 3 0 0 3 0 0
fn=std::num_put<wchar_t, std::ostreambuf_iterator<wchar_t, std::char_traits<wchar_t> > > const& std::use_facet<std::num_put<wchar_t, std::ostreambuf_iterator<wchar_t, std::char_traits<wchar_t> > > >(std::locale const&)
0 76 2 2 24 0 0 12 0 0
fn=std::numpunct<char>::_M_initialize_numpunct(__locale_struct*)
0 349 7 7 70 3 3 75 0 0
fn=std::numpunct<wchar_t>::_M_initialize_numpunct(__locale_struct*)
0 349 5 5 71 0 0 75 3 3
fn=std::ostream& std::ostream::_M_insert<long>(long)
0 161 10 10 64 8 8 26 0 0
fn=std::ostream& std::ostream::_M_insert<unsigned long>(unsigned long)
0 167 6 6 66 2 2 27 0 0
fn=std::ostream::flush()
0 84 4 4 42 13 13 12 0 0
fn=std::ostream::operator<<(int)
0 30 2 2 9 0 0 0 0 0
fn=std::ostream::put(char)
0 105 8 8 48 0 0 15 0 0
fn=std::ostream::sentry::sentry(std::ostream&)
0 399 2 2 133 7 7 95 0 0
fn=std::ostreambuf_iterator<char, std::char_traits<char> > std::num_put<char, std::ostreambuf_iterator<char, std::char_traits<char> > >::_M_insert_int<long>(std::ostreambuf_iterator<char, std::char_traits<char> >, std::ios_base&, char, long) const
0 276 11 11 54 2 2 54 0 0
fn=std::ostreambuf_iterator<char, std::char_traits<char> > std::num_put<char, std::ostreambuf_iterator<char, std::char_traits<char> > >::_M_insert_int<unsigned long>(std::ostreambuf_iterator<char, std::char_traits<char> >, std::ios_base&, char, unsigned long
0 249 5 5 54 0 0 54 0 0
fn=stpcpy
0 6 1 1 3 0 0 0 0 0
fn=stpncpy
0 6 2 2 3 0 0 0 0 0
fn=strcasecmp_l
0 9 2 2 4 1 1 1 0 0
fn=strchrnul
0 40 2 2 4 1 1 0 0 0
fn=strcmp
0 9 2 2 4 0 0 0 0 0
fn=strcpy
0 6 2 2 3 0 0 0 0 0
fn=strlen
0 1428 9 8 187 10 10 0 0 0
fn=strncasecmp_l
0 8 2 2 4 0 0 0 0 0
fn=strncmp
0 617 15 15 88 2 2 0 0 0
fn=strpbrk
0 111 3 3 34 0 0 34 1 1
fn=strsep
0 35 2 2 10 1 1 6 0 0
fn=strstr
0 10 1 1 3 0 0 0 0 0
fn=strtol
0 12 1 1 3 0 0 0 0 0
fn=uname
0 5 1 1 1 0 0 0 0 0
fn=uselocale
0 130 7 7 10 1 1 14 0 0
fn=vfprintf
0 240 24 24 91 5 5 48 6 6
fn=vsnprintf
0 43 4 4 8 0 0 12 2 2
fn=wctob
0 2176 2 2 640 0 0 512 0 0
fn=wctype_l
0 1026 2 2 158 4 4 177 0 0
fn=wmemcmp
0 8 2 2 4 0 0 0 0 0
fn=write
0 34 2 2 17 0 0 0 0 0
fn=zcalloc
0 3 1 1 0 0 0 0 0 0
fn=zcfree
0 2 1 1 0 0 0 0 0 0
summary: 36905997301 1440 1407 11137250678 100164638 48851933 3608906286 16746627 16316183
